NAME: IntegralityGap_HardInstane_a4_b5_c6_Generated
TYPE: TSP
COMMENT: Generated instance
DIMENSION: 18
EDGE_WEIGHT_TYPE: EXPLICIT
EDGE_WEIGHT_FORMAT: FULL_MATRIX
EDGE_WEIGHT_SECTION
0 30 60 90 120 54 78 102 126 150 174 50 70 90 110 130 150 170 
30 0 30 60 90 84 108 132 156 168 144 80 100 120 140 160 160 140 
60 30 0 30 60 114 138 162 162 138 114 110 130 150 170 150 130 110 
90 60 30 0 30 144 168 156 132 108 84 140 160 160 140 120 100 80 
120 90 60 30 0 174 150 126 102 78 54 170 150 130 110 90 70 50 
54 84 114 144 174 0 24 48 72 96 120 44 64 84 104 124 144 164 
78 108 138 168 150 24 0 24 48 72 96 68 88 108 128 148 160 140 
102 132 162 156 126 48 24 0 24 48 72 92 112 132 152 156 136 116 
126 156 162 132 102 72 48 24 0 24 48 116 136 156 152 132 112 92 
150 168 138 108 78 96 72 48 24 0 24 140 160 148 128 108 88 68 
174 144 114 84 54 120 96 72 48 24 0 164 144 124 104 84 64 44 
50 80 110 140 170 44 68 92 116 140 164 0 20 40 60 80 100 120 
70 100 130 160 150 64 88 112 136 160 144 20 0 20 40 60 80 100 
90 120 150 160 130 84 108 132 156 148 124 40 20 0 20 40 60 80 
110 140 170 140 110 104 128 152 152 128 104 60 40 20 0 20 40 60 
130 160 150 120 90 124 148 156 132 108 84 80 60 40 20 0 20 40 
150 160 130 100 70 144 160 136 112 88 64 100 80 60 40 20 0 20 
170 140 110 80 50 164 140 116 92 68 44 120 100 80 60 40 20 0 
EOF
